0 536
0 665
1 1643
2 374
2 806
2 1418
2 1881
3 542
3 1084
4 818
5 355
5 619
5 1161
6 1735
7 36
7 515
7 856
8 973
8 1475
9 141
10 10
10 19
10 22
10 29
10 35
10 39
10 45
10 50
10 57
10 61
10 63
10 71
10 74
10 75
10 87
10 94
10 95
10 98
10 103
10 105
10 106
10 121
10 122
10 157
10 159
10 163
10 179
10 182
10 185
10 200
10 205
10 207
10 210
10 213
10 221
10 222
10 224
10 225
10 236
10 237
10 251
10 258
10 273
10 281
10 287
10 288
10 290
10 309
10 324
10 333
10 342
10 350
10 353
10 360
10 369
10 380
10 388
10 391
10 401
10 414
10 419
10 425
10 438
10 441
10 448
10 461
10 471
10 481
10 490
10 491
10 494
10 506
10 523
10 528
10 534
10 547
10 549
10 550
10 572
10 577
10 581
10 584
10 592
10 608
10 613
10 620
10 629
10 635
10 640
10 641
10 647
10 650
10 651
10 657
10 658
10 668
10 673
10 686
10 698
10 699
10 701
10 721
10 738
10 743
10 757
10 777
10 791
10 795
10 801
10 804
10 808
10 830
10 840
10 844
10 846
10 859
10 861
10 866
10 867
10 873
10 876
10 886
10 888
10 895
10 899
10 900
10 911
10 930
10 935
10 948
10 949
10 952
10 983
10 997
10 999
10 1000
10 1001
10 1005
10 1010
10 1011
10 1020
10 1025
10 1035
10 1039
10 1041
10 1045
10 1047
10 1048
10 1053
10 1054
10 1058
10 1059
10 1060
10 1068
10 1088
10 1102
10 1104
10 1105
10 1106
10 1111
10 1120
10 1122
10 1125
10 1131
10 1132
10 1146
10 1166
10 1179
10 1181
10 1183
10 1186
10 1187
10 1188
10 1196
10 1200
10 1207
10 1211
10 1216
10 1218
10 1220
10 1221
10 1223
10 1236
10 1238
10 1252
10 1258
10 1259
10 1261
10 1266
10 1267
10 1272
10 1277
10 1287
10 1312
10 1319
10 1322
10 1327
10 1337
10 1348
10 1355
10 1358
10 1374
10 1384
10 1386
10 1388
10 1402
10 1405
10 1419
10 1420
10 1426
10 1427
10 1429
10 1430
10 1432
10 1451
10 1455
10 1456
10 1458
10 1460
10 1478
10 1483
10 1488
10 1501
10 1502
10 1509
10 1514
10 1520
10 1525
10 1533
10 1551
10 1556
10 1560
10 1562
10 1564
10 1576
10 1581
10 1593
10 1603
10 1610
10 1626
10 1629
10 1631
10 1645
10 1663
10 1682
10 1702
10 1708
10 1709
10 1715
10 1733
10 1739
10 1745
10 1750
10 1753
10 1777
10 1795
10 1803
10 1804
10 1814
10 1822
10 1826
10 1830
10 1846
10 1849
10 1853
10 1861
10 1868
10 1869
10 1873
11 835
11 849
11 1338
12 1800
13 1412
14 616
14 1251
14 1344
14 1512
15 1641
16 1513
17 55
17 1594
18 53
20 500
20 976
20 1028
21 675
21 694
21 697
21 1613
23 347
23 671
24 83
25 58
25 232
25 240
25 1840
26 155
26 171
26 709
26 1302
27 420
28 140
30 1052
31 1469
31 1655
32 83
32 371
32 677
32 1280
32 1752
33 1002
34 147
34 212
34 470
36 114
36 116
36 393
36 1112
36 1202
36 1234
36 1364
37 235
37 507
37 1477
38 72
38 599
38 1143
40 746
40 1073
40 1422
40 1762
41 1194
41 1510
42 753
43 229
44 708
44 848
44 1383
44 1691
46 626
46 872
47 219
47 286
48 351
48 741
48 1117
48 1437
48 1746
49 1542
51 156
51 1399
51 1592
51 1821
52 831
52 1298
53 560
53 819
53 1767
54 1057
55 1096
56 1616
58 498
58 704
59 127
59 682
59 974
59 1828
60 856
60 1433
62 446
62 603
62 1097
64 875
65 1670
66 1515
66 1845
67 101
67 605
67 1226
68 495
69 1634
69 1719
70 520
70 1160
72 497
73 128
76 1433
77 138
77 146
77 286
77 1212
78 653
78 850
78 1652
79 359
80 248
80 879
80 884
81 202
81 1555
81 1821
82 370
83 316
83 399
83 781
83 916
83 1670
84 652
84 1307
85 1153
85 1694
86 219
86 1450
88 568
88 1201
89 181
90 764
91 709
91 760
92 597
92 992
92 1115
93 558
93 710
93 1661
96 305
96 679
97 1785
99 1278
100 1239
100 1393
101 128
101 1121
101 1618
102 362
102 749
102 850
102 1807
104 263
104 1476
107 397
107 445
107 1493
108 1536
109 458
109 1767
110 621
111 465
112 449
112 607
112 771
112 1476
113 283
113 408
114 868
114 1004
114 1215
115 191
116 1067
116 1367
117 1008
118 1189
118 1391
119 139
119 727
119 1472
120 732
120 829
123 487
123 902
123 967
124 1806
125 220
125 531
125 1783
126 1614
127 1178
128 214
128 317
128 1864
129 172
129 586
130 1292
131 1615
132 646
132 655
132 1138
132 1772
133 1612
134 1459
134 1537
134 1761
135 776
135 1726
136 1805
137 689
137 1027
137 1290
138 476
139 879
139 1609
140 365
140 546
140 838
141 416
141 1112
142 615
142 1627
143 1070
144 816
144 1448
145 855
146 684
146 1117
146 1851
147 842
147 1176
148 188
148 1436
149 602
149 1751
150 1234
150 1699
151 765
151 1778
152 704
153 467
153 1498
154 561
155 594
155 671
155 1033
156 730
158 1471
158 1677
160 297
160 444
160 1604
161 478
161 901
162 687
162 854
164 293
165 214
165 301
165 1633
165 1824
166 803
166 938
167 485
167 921
167 1254
168 1026
169 199
169 771
169 1172
169 1536
169 1768
170 297
170 942
173 345
173 783
173 1320
174 931
174 1144
175 814
175 973
175 978
175 1274
176 837
176 1561
177 399
177 453
177 1300
178 1255
178 1785
180 755
180 849
180 1605
181 979
181 1616
183 689
183 1547
184 1362
186 1160
186 1839
187 1208
187 1596
189 227
189 539
189 936
189 1435
190 1069
190 1204
191 806
191 941
191 1744
192 839
192 1545
192 1660
193 590
193 1680
194 872
194 1247
195 1477
196 456
196 663
197 1754
198 552
198 1370
198 1602
198 1874
201 1158
202 312
202 1165
203 665
203 1616
204 1674
206 977
208 229
208 555
208 1730
209 786
211 395
211 563
211 1051
211 1842
212 1647
214 276
214 532
215 455
215 916
216 518
216 1359
216 1548
217 1133
217 1839
218 228
218 466
218 1344
219 710
223 1251
223 1734
226 483
226 1650
226 1870
227 1725
228 1098
229 1632
230 457
230 542
230 1126
231 502
231 1820
232 540
233 797
233 863
233 1493
234 1281
235 744
235 1839
238 1390
238 1653
239 530
240 780
240 941
240 1253
240 1447
241 1773
242 1794
243 487
243 1214
243 1349
243 1585
244 676
244 682
244 1365
245 440
245 1360
246 400
246 569
246 1855
247 569
247 1330
247 1494
248 1369
249 1563
249 1697
250 253
252 1808
253 515
253 603
253 616
253 1452
254 1009
254 1660
255 868
255 1116
255 1330
256 1126
256 1346
257 444
257 1235
257 1439
259 364
259 768
259 843
260 483
260 615
260 799
260 1044
260 1161
260 1615
261 415
261 845
261 1128
261 1250
261 1350
262 418
262 1063
262 1246
262 1845
264 741
264 1823
265 676
266 794
266 1032
267 643
268 1169
269 586
270 375
270 1270
271 1156
272 1518
272 1676
274 1452
274 1657
274 1810
275 1722
276 750
276 1044
277 1505
278 821
279 421
279 689
279 1084
279 1222
280 1279
280 1718
282 1443
284 715
284 1210
284 1515
284 1810
285 782
286 1072
289 1032
289 1089
289 1093
289 1540
291 1859
292 1291
292 1588
294 733
295 1012
296 1257
298 1379
299 985
299 1036
300 1768
301 335
302 898
303 817
303 1308
304 358
304 1789
305 386
305 1494
306 472
306 505
306 517
306 1127
306 1716
307 1674
307 1792
308 1127
308 1368
310 466
310 1376
310 1403
310 1530
310 1577
311 1717
312 1725
313 697
314 539
314 630
314 753
314 954
314 1026
314 1588
315 468
315 1688
316 561
316 570
316 892
317 990
318 1504
319 1006
319 1074
320 1192
321 1315
322 1595
323 1321
325 1115
325 1139
325 1168
326 617
326 1534
327 1611
328 906
329 633
329 772
330 1531
331 1479
332 709
332 1617
334 1306
334 1406
334 1481
336 748
336 1447
337 1522
338 828
338 1140
339 373
339 435
340 1246
340 1342
340 1463
340 1586
340 1639
341 538
341 871
341 1177
343 1117
343 1467
344 655
345 838
346 416
347 977
347 979
347 1038
348 463
348 819
349 720
351 531
351 1534
351 1592
352 735
352 1260
354 551
355 456
355 794
355 940
355 1023
356 375
356 1559
357 639
357 1066
357 1108
358 424
358 464
359 1534
361 1288
361 1722
362 890
362 971
362 1584
363 376
363 702
364 482
365 1148
365 1357
366 1521
367 1555
368 561
370 1149
372 445
372 1156
374 972
374 1589
375 769
376 967
376 1050
377 1466
378 1642
379 1085
379 1666
381 975
382 1636
383 1466
384 450
384 774
384 1472
385 1081
385 1394
386 558
386 1069
386 1103
387 1295
389 554
389 950
390 447
390 833
390 1213
390 1471
392 1407
393 463
393 617
393 687
393 870
394 1173
395 1620
396 1115
396 1751
397 811
398 1276
398 1567
399 525
399 556
399 1559
399 1746
400 410
400 1360
402 729
402 1632
403 652
403 1303
404 1285
404 1604
405 475
405 693
405 1721
406 1459
407 905
409 820
411 719
411 1422
411 1644
412 810
412 1072
412 1096
412 1177
413 542
413 1624
415 1511
417 1071
417 1246
418 517
420 1810
421 675
422 573
423 1481
424 883
426 1138
426 1253
427 1464
428 452
428 823
429 1343
429 1590
430 714
430 1282
431 752
431 1532
431 1537
431 1854
432 784
432 1014
432 1797
433 575
433 869
434 834
434 1648
434 1716
435 1499
435 1552
436 1589
437 1582
439 498
439 855
440 883
440 1815
442 622
442 1168
443 1850
444 1344
445 697
445 1317
446 1241
447 879
449 606
449 1844
450 663
450 1248
451 1468
451 1656
454 1064
454 1231
455 590
455 1662
456 925
457 489
457 1339
457 1694
458 1189
458 1197
459 553
459 1050
460 1191
462 1171
463 482
463 1145
463 1575
464 514
464 772
464 1720
465 1796
466 1341
466 1751
467 869
469 793
472 1340
473 1094
473 1303
474 1007
474 1329
474 1794
475 945
477 970
478 680
479 602
480 606
480 1136
480 1627
482 966
482 1761
483 946
483 1446
484 728
484 1491
485 787
485 1086
485 1409
485 1766
486 689
486 1554
487 1099
487 1840
488 879
492 669
492 1616
492 1699
493 828
493 1117
493 1726
493 1737
495 868
495 1310
495 1711
495 1863
495 1878
496 1867
497 1670
497 1799
498 1707
499 989
499 1235
499 1725
500 1178
501 1349
501 1479
502 1693
503 1404
504 847
504 1671
505 1076
505 1168
507 1870
508 770
509 941
509 1014
510 564
510 1057
510 1225
511 887
512 1230
512 1657
513 1197
513 1409
513 1578
514 1254
516 1565
519 883
520 1070
520 1247
521 560
522 1143
524 1093
524 1305
525 1037
525 1056
526 556
526 1606
526 1833
527 872
527 982
527 1726
529 1490
531 1065
531 1385
532 1740
533 1352
535 931
535 1418
535 1772
537 1812
538 1209
539 1661
540 1530
541 1300
543 1659
544 1072
544 1130
544 1512
545 1170
548 645
548 1110
548 1393
548 1436
551 596
551 832
551 1510
552 675
554 870
555 709
555 1193
555 1265
556 1554
556 1726
557 648
558 733
558 1810
559 858
559 1212
559 1544
560 1310
561 693
561 1416
562 1634
563 1548
565 606
565 841
566 926
566 1330
567 703
567 1566
568 807
568 1292
571 1336
571 1423
571 1725
574 1490
575 1693
576 1446
578 1569
579 1599
580 1508
582 1774
583 649
583 1422
583 1619
583 1776
585 1302
587 855
587 1029
588 1755
589 1364
589 1622
589 1684
590 1797
591 1698
593 1515
594 929
595 1370
597 869
597 1760
598 1332
598 1439
599 1145
599 1710
600 644
601 1161
601 1575
602 1765
603 688
603 1078
604 1338
605 1333
605 1454
605 1735
606 1326
609 712
609 1275
610 683
610 1008
611 1031
612 663
614 1865
617 819
618 863
618 1829
619 1611
621 1113
621 1303
621 1780
622 1079
623 971
623 1532
623 1717
624 1103
625 1098
625 1249
625 1852
625 1855
626 847
626 1685
627 1257
627 1660
628 1084
628 1740
631 1434
632 1202
632 1370
634 1411
636 893
636 1038
636 1118
636 1222
636 1263
637 934
637 1003
637 1107
637 1288
637 1855
638 1625
638 1832
639 1067
639 1393
639 1732
642 1150
642 1584
643 1174
644 1378
646 1161
648 1757
649 993
653 790
653 835
653 994
654 1024
654 1798
655 763
655 1142
656 1583
659 1441
659 1615
660 1530
661 996
661 1205
661 1590
662 882
662 1113
662 1394
663 829
664 914
664 980
664 1415
666 1561
667 817
667 1083
670 824
672 710
672 820
672 878
672 966
672 1042
674 968
674 1224
675 785
676 1138
676 1654
676 1717
676 1802
677 715
677 722
677 1015
677 1446
677 1554
677 1601
678 1694
681 947
681 1219
681 1473
684 754
685 1650
689 784
689 1175
690 707
690 1491
691 1511
692 1299
692 1639
692 1812
694 973
694 1621
695 1117
695 1301
696 769
696 958
696 1341
696 1823
697 1633
700 837
700 1713
702 1090
702 1320
702 1568
704 1450
705 1673
706 1214
706 1445
706 1529
707 1835
708 797
708 973
708 1038
709 1050
710 1356
711 1219
711 1834
713 719
715 730
715 1217
716 1380
716 1801
717 1738
718 1497
719 1759
720 1024
720 1049
720 1093
720 1574
722 940
723 907
724 732
724 1301
724 1704
725 921
725 1016
725 1602
726 732
726 1165
727 1165
728 1110
728 1847
730 925
730 1799
730 1854
731 1437
732 1127
732 1848
734 1334
735 1031
735 1090
736 1475
736 1495
737 811
737 1624
737 1836
737 1855
739 831
740 1549
741 964
741 1115
742 1325
744 825
745 1596
745 1632
745 1700
747 1801
749 864
749 1021
749 1582
749 1840
750 1531
751 1017
751 1140
751 1367
751 1740
751 1767
752 1496
755 1029
756 766
758 1037
759 913
759 1588
759 1642
760 1481
761 845
761 1630
762 1537
763 1700
764 1329
765 1574
766 1639
767 1459
767 1817
770 995
773 883
773 1474
775 961
775 1254
775 1516
775 1736
775 1831
776 817
776 1176
778 789
778 1437
779 1515
780 816
780 932
780 1292
780 1406
781 857
781 1818
782 1857
783 923
783 1092
783 1816
784 853
786 1366
786 1723
787 1030
787 1647
788 1618
789 1823
790 1255
790 1329
790 1407
792 975
792 1828
793 976
793 1330
794 1335
796 1565
798 1422
799 1744
800 1243
802 1311
802 1444
802 1547
803 1510
805 903
805 1270
805 1760
806 1232
807 1375
807 1778
807 1879
809 854
809 1535
810 954
810 1328
810 1736
810 1867
811 1862
812 1282
813 1528
814 1597
814 1779
815 1867
816 1097
816 1440
817 1346
818 1584
821 980
822 1095
822 1318
823 1728
826 869
826 1140
827 1454
828 1424
829 1465
832 842
832 961
832 1526
833 885
835 1486
836 908
836 1017
836 1031
836 1671
838 896
838 1730
839 1242
839 1681
841 984
842 964
842 1731
843 1108
845 994
845 1299
848 1770
849 1847
851 879
851 912
851 1178
852 1021
852 1498
852 1577
852 1608
852 1865
853 865
853 1839
854 1664
855 931
857 897
857 923
857 995
857 1273
860 928
862 1383
863 1447
864 1242
864 1313
865 932
865 1347
868 1787
870 916
870 1206
870 1234
871 1075
872 1477
874 1372
877 1606
877 1653
879 1123
879 1513
880 1016
881 915
881 1741
883 950
883 1741
884 965
884 1344
884 1844
887 1726
889 1137
889 1246
889 1548
890 937
890 973
891 1446
891 1639
893 1206
893 1518
894 1749
896 1009
897 909
901 1490
902 1124
902 1692
903 1550
904 981
904 1170
904 1454
904 1545
904 1630
905 1061
906 917
907 1727
908 1197
908 1360
909 1468
909 1571
910 1507
912 921
913 1353
916 1390
916 1504
918 1144
918 1324
919 1289
920 1110
920 1333
920 1352
920 1578
921 1681
922 1711
922 1793
924 1832
925 1377
926 1363
926 1585
926 1862
927 1268
931 1159
933 1245
933 1646
936 1399
937 1672
939 1345
939 1380
942 1547
943 1411
944 1463
944 1471
944 1620
944 1630
945 1781
946 1747
950 1002
951 1353
951 1410
951 1431
951 1828
953 1619
954 1151
955 1184
955 1735
955 1819
955 1878
956 1461
956 1484
956 1620
957 1148
959 1550
960 1360
960 1395
960 1769
961 1037
962 1410
963 1600
964 1271
965 1065
965 1400
965 1409
965 1441
966 1333
969 1790
969 1847
970 1077
970 1141
970 1628
970 1742
971 1796
974 1262
978 1675
979 1644
980 1134
980 1546
980 1623
981 1695
985 990
985 1854
986 1013
986 1445
987 1808
988 1117
988 1350
989 1233
990 1618
991 1687
991 1820
992 1286
994 1263
998 1159
998 1190
998 1607
1002 1018
1004 1486
1006 1498
1008 1594
1012 1071
1012 1787
1013 1871
1015 1291
1018 1142
1018 1392
1019 1147
1019 1763
1019 1778
1019 1856
1021 1506
1021 1866
1022 1184
1022 1438
1022 1789
1023 1538
1026 1774
1027 1283
1029 1175
1029 1184
1029 1442
1033 1203
1034 1171
1037 1518
1038 1185
1038 1240
1040 1680
1042 1342
1043 1234
1043 1586
1043 1696
1044 1665
1046 1154
1046 1863
1049 1448
1055 1199
1062 1351
1065 1116
1065 1676
1065 1690
1066 1613
1067 1666
1069 1409
1070 1314
1071 1491
1072 1448
1073 1457
1073 1538
1074 1876
1076 1233
1077 1547
1078 1607
1078 1796
1079 1843
1080 1142
1082 1440
1082 1486
1083 1457
1084 1226
1087 1651
1087 1816
1089 1303
1089 1504
1089 1802
1091 1113
1091 1301
1092 1308
1093 1110
1094 1201
1097 1507
1097 1532
1098 1534
1099 1654
1100 1230
1101 1383
1101 1758
1107 1438
1109 1558
1110 1769
1112 1490
1113 1295
1114 1721
1115 1160
1115 1606
1116 1167
1117 1370
1119 1469
1119 1827
1123 1168
1123 1821
1124 1668
1126 1876
1127 1649
1129 1684
1130 1421
1133 1512
1133 1722
1134 1400
1134 1617
1135 1156
1136 1752
1139 1633
1142 1396
1144 1466
1144 1527
1147 1722
1147 1875
1149 1410
1150 1306
1152 1270
1153 1590
1155 1349
1156 1840
1157 1177
1157 1368
1158 1743
1160 1227
1161 1270
1161 1620
1162 1198
1163 1617
1164 1409
1165 1182
1167 1703
1168 1361
1169 1731
1171 1545
1173 1382
1173 1443
1174 1282
1175 1771
1177 1653
1178 1489
1180 1217
1180 1580
1180 1630
1182 1431
1184 1810
1185 1262
1185 1500
1185 1764
1191 1827
1193 1635
1195 1802
1198 1477
1202 1268
1202 1544
1202 1807
1204 1528
1206 1300
1206 1301
1206 1662
1208 1570
1210 1439
1212 1415
1213 1801
1214 1316
1215 1761
1217 1232
1219 1257
1222 1399
1222 1493
1222 1504
1222 1636
1225 1788
1227 1788
1228 1361
1229 1489
1230 1572
1231 1351
1231 1713
1233 1714
1237 1782
1241 1637
1242 1529
1243 1285
1243 1685
1244 1736
1246 1440
1250 1397
1256 1828
1260 1596
1262 1594
1264 1578
1264 1609
1268 1718
1269 1492
1270 1480
1273 1293
1274 1531
1275 1549
1276 1345
1278 1835
1280 1417
1280 1760
1282 1376
1284 1450
1284 1683
1284 1773
1285 1414
1288 1831
1289 1357
1289 1664
1289 1786
1294 1342
1296 1398
1296 1752
1297 1363
1297 1414
1298 1522
1300 1409
1300 1422
1302 1425
1302 1693
1302 1751
1304 1543
1306 1399
1306 1474
1307 1774
1309 1746
1310 1477
1313 1671
1314 1807
1318 1575
1323 1373
1325 1561
1328 1499
1328 1601
1331 1612
1333 1769
1333 1864
1335 1879
1341 1599
1343 1798
1346 1474
1346 1600
1347 1768
1350 1410
1350 1585
1352 1780
1354 1648
1356 1449
1362 1512
1363 1643
1365 1597
1370 1445
1370 1751
1371 1599
1373 1843
1376 1512
1380 1679
1381 1541
1381 1781
1383 1553
1383 1746
1385 1756
1387 1640
1389 1434
1396 1518
1396 1607
1398 1783
1400 1536
1400 1734
1401 1692
1401 1774
1406 1696
1407 1618
1408 1548
1410 1565
1412 1714
1413 1858
1421 1819
1424 1837
1424 1860
1428 1829
1434 1462
1438 1485
1446 1673
1450 1519
1452 1816
1453 1643
1454 1872
1465 1672
1466 1604
1466 1669
1470 1658
1481 1870
1482 1643
1485 1816
1487 1878
1491 1821
1491 1845
1494 1833
1495 1616
1495 1863
1496 1600
1496 1683
1499 1579
1500 1595
1503 1842
1507 1737
1511 1630
1517 1782
1518 1636
1518 1734
1523 1714
1523 1825
1524 1557
1524 1577
1527 1767
1529 1679
1529 1767
1531 1699
1534 1758
1535 1703
1539 1636
1541 1678
1542 1553
1544 1655
1549 1583
1552 1573
1552 1666
1554 1782
1559 1664
1572 1714
1586 1686
1586 1847
1587 1735
1590 1831
1591 1713
1596 1638
1598 1600
1601 1615
1607 1734
1608 1818
1609 1802
1611 1667
1612 1695
1612 1877
1616 1705
1617 1699
1622 1810
1623 1701
1624 1652
1625 1689
1627 1813
1635 1798
1637 1677
1639 1666
1640 1872
1647 1748
1650 1658
1651 1806
1652 1791
1658 1729
1660 1751
1670 1774
1676 1677
1690 1816
1695 1811
1706 1776
1707 1837
1712 1819
1714 1837
1723 1841
1724 1857
1726 1865
1736 1760
1737 1840
1752 1881
1774 1809
1775 1818
1784 1837
1790 1838
1796 1880
1805 1809
